  File: holes.bin
  Size: 33550336  	Blocks: 1112       IO Block: 4096   regular file
Device: fe02h/65026d	Inode: 8786518     Links: 1
Access: (0644/-rw-r--r--)  Uid: ( 1000/      pj)   Gid: ( 1000/      pj)
Access: 2019-11-02 22:41:36.895853357 +0100
Modify: 2019-11-02 22:41:36.919853234 +0100
Change: 2019-11-02 22:41:36.919853234 +0100
 Birth: -
